1	442
2	554
554	10
554	612
554	908
554	1090
3	282
282	3
282	981
4	1009
6	78
7	506
8	297
10	554
14	305
14	848
14	932
848	14
848	305
848	932
305	14
305	932
15	554
16	546
17	101
20	30
20	752
21	1098
22	485
24	629
629	24
25	730
730	25
26	5
26	307
27	133
133	27
28	507
507	28
29	591
31	671
32	691
33	506
35	506
36	34
36	125
36	512
37	510
510	37
38	553
553	38
39	506
40	675
41	466
43	526
43	616
45	616
46	718
47	69
48	918
49	79
79	49
52	506
53	466
54	506
55	506
57	602
58	264
59	616
62	1009
63	161
65	253
253	131
67	81
68	117
68	668
68	1025
1025	117
1025	668
668	117
668	1025
117	668
117	1025
70	804
72	382
72	635
73	162
73	615
162	73
162	615
75	506
76	565
565	455
77	286
77	616
286	616
80	780
780	80
82	413
82	975
975	82
975	413
413	975
83	566
84	938
85	616
86	736
87	556
88	116
88	770
89	442
90	339
91	488
92	506
93	540
540	93
94	506
95	519
519	95
97	600
98	112
112	104
112	754
99	605
605	99
100	584
584	100
103	1033
1033	103
105	743
743	105
106	383
107	571
571	107
108	0
109	543
543	109
110	652
652	110
113	387
387	113
114	530
530	114
115	30
115	752
118	653
119	11
120	568
568	120
121	516
122	140
124	71
124	137
124	149
126	566
127	820
128	1063
1063	128
130	236
131	729
132	665
665	132
134	616
135	1009
136	728
728	136
142	939
939	142
143	766
144	9
145	325
325	145
146	650
147	501
148	650
151	667
152	467
152	815
467	152
815	152
153	734
155	1060
156	1110
1110	156
157	1109
1109	157
158	1111
1111	158
159	1108
1108	159
163	505
164	1102
1102	164
165	1101
1101	165
166	1099
1099	166
167	1097
1097	167
168	1096
1096	168
169	1107
1107	169
170	1105
1105	170
171	1104
1104	171
172	959
173	506
174	0
175	1086
1086	175
176	1087
1087	176
177	1085
1085	177
178	1095
1095	178
179	1094
1094	179
180	1092
1092	180
181	1091
1091	181
182	1089
1089	182
183	1072
1072	183
185	1074
1074	185
186	538
538	186
187	51
188	1067
1067	188
189	1065
1065	189
190	1064
1064	190
191	12
192	1062
1062	192
193	1081
194	1080
1080	194
195	1078
1078	195
196	1077
1077	196
197	1076
1076	197
198	1075
1075	198
199	1057
1057	199
200	557
557	200
202	1055
1055	202
203	914
914	203
914	1001
204	1054
1054	204
205	1059
1059	205
206	897
897	206
207	1058
1058	207
208	1045
1045	208
209	1046
1046	209
210	1043
1043	210
211	1042
1042	211
212	1041
1041	212
213	547
547	213
547	496
215	50
216	777
217	1052
1052	217
218	51
219	1050
1050	219
220	1048
1048	220
221	1035
1035	221
222	1032
1032	222
223	661
661	223
224	113
224	387
225	1039
1039	225
226	1040
1040	226
227	615
228	1038
1038	228
229	154
230	81
231	1037
1037	231
232	1026
1026	232
233	1023
1023	233
234	112
235	1031
1031	235
237	150
238	650
238	1030
1030	238
1030	650
240	1029
1029	240
241	1028
1028	241
242	1027
1027	242
243	1014
1014	243
244	1013
245	1012
1012	245
246	1010
1010	246
247	1008
1008	247
248	903
903	248
249	1006
1006	249
250	1005
1005	250
251	1022
1022	251
254	1020
1020	254
255	1017
1017	255
256	44
257	1016
1016	257
258	1015
1015	258
259	345
261	997
997	261
262	442
263	996
996	263
265	993
993	265
266	616
267	1004
1004	267
268	1003
1003	268
269	1002
1002	269
270	214
271	989
989	271
272	988
988	272
274	61
274	586
275	991
991	275
276	990
990	276
277	139
278	766
279	984
984	279
280	983
983	280
281	982
982	281
981	282
283	980
980	283
284	987
987	284
285	986
986	285
287	985
985	287
288	484
289	973
973	289
290	971
971	290
291	680
680	291
680	575
292	1083
1083	292
293	972
972	293
294	970
970	294
295	1009
296	966
966	296
298	978
978	298
299	977
977	299
300	979
979	300
301	425
425	138
302	976
976	302
303	974
974	303
304	679
306	650
306	960
960	306
960	650
308	957
957	308
310	956
956	310
311	955
955	311
314	447
447	314
447	373
447	646
447	748
315	965
965	315
316	964
964	316
317	963
963	317
318	962
962	318
319	961
961	319
320	947
947	320
321	946
946	321
322	1098
323	944
944	323
326	952
952	326
327	763
328	949
949	328
329	948
948	329
331	936
936	331
332	937
937	332
333	660
660	333
335	935
935	335
336	521
337	943
943	337
340	506
341	940
940	341
342	926
926	342
343	925
925	343
344	924
924	344
346	923
923	346
347	922
922	347
348	931
931	348
349	929
929	349
350	928
928	350
351	927
927	351
352	917
917	352
353	915
915	353
354	856
856	354
356	23
357	911
911	357
358	913
913	358
359	912
912	359
360	921
921	360
361	902
902	361
362	506
364	901
901	364
365	737
737	365
366	899
899	366
367	673
673	367
368	898
898	368
369	907
907	369
370	906
906	370
371	905
905	371
372	904
904	372
374	616
375	889
889	375
376	260
377	1071
1071	377
378	888
888	378
379	887
887	379
380	975
381	885
885	381
384	51
385	896
896	385
386	894
894	386
388	893
893	388
389	891
891	389
391	506
391	637
391	701
391	1018
1018	506
637	506
701	506
392	878
878	392
393	877
877	393
394	876
876	394
395	875
875	395
396	873
873	396
397	874
874	397
398	872
872	398
400	880
880	400
401	882
882	401
402	879
879	402
403	865
865	403
404	863
863	404
405	862
862	405
406	160
407	871
871	407
408	1073
409	870
870	409
410	869
869	410
411	867
867	411
412	854
854	412
414	642
415	850
850	415
416	852
852	416
418	851
851	418
419	325
420	860
860	420
421	858
858	421
422	857
857	422
423	855
855	423
424	203
424	914
426	681
427	892
428	839
839	428
429	541
430	838
838	430
431	836
836	431
432	650
432	837
837	432
837	650
433	846
846	433
434	845
845	434
435	844
844	435
436	843
843	436
437	842
842	437
438	840
840	438
439	831
831	439
440	64
441	829
829	441
443	690
444	835
835	444
445	834
834	445
446	506
646	373
748	314
748	373
748	447
748	646
448	820
449	74
450	819
819	450
451	818
452	506
453	825
825	453
454	827
827	454
456	822
822	456
457	821
821	457
458	809
809	458
459	615
460	808
808	460
461	807
807	461
462	795
463	201
464	806
806	464
465	805
805	465
468	814
814	468
469	813
813	469
470	710
471	811
811	471
472	792
792	472
473	791
791	473
474	650
474	800
800	474
800	650
475	802
802	475
476	801
801	476
477	799
799	477
478	522
522	478
479	798
798	479
480	796
796	480
481	797
797	481
482	794
794	482
483	793
793	483
486	781
781	486
487	615
489	788
788	489
490	787
787	490
491	502
492	786
786	492
493	785
785	493
494	784
784	494
495	783
783	495
496	213
496	547
497	886
886	497
498	574
574	498
499	501
500	506
503	566
504	506
508	506
511	505
514	616
515	497
515	886
517	605
518	506
518	1049
1049	506
520	631
631	520
523	615
523	747
747	523
747	615
525	692
528	804
529	30
529	141
531	30
532	30
532	752
533	239
534	582
535	363
536	187
537	330
539	96
542	513
544	595
595	544
545	650
548	759
759	548
549	752
550	506
551	506
552	616
908	554
612	554
1090	554
558	750
559	707
707	559
560	716
561	12
562	102
562	399
567	607
607	567
569	689
570	117
570	668
570	1025
572	129
573	616
575	680
576	614
577	506
578	286
578	616
579	1070
1070	579
580	672
583	117
583	668
583	1025
588	703
589	442
590	753
753	590
592	702
702	592
593	767
767	593
594	1082
596	616
597	581
598	312
599	1088
1088	599
601	425
604	587
606	506
608	506
609	616
610	616
611	286
611	616
613	900
900	613
617	644
620	506
621	30
621	69
622	591
623	201
625	123
626	111
627	587
627	604
627	779
628	112
632	650
633	42
636	933
640	506
641	616
643	654
645	339
647	1009
648	506
649	506
651	616
655	638
656	566
657	505
658	616
659	778
778	659
662	639
662	789
663	527
664	66
666	890
890	666
669	713
713	669
670	616
674	591
676	616
677	25
677	730
682	616
684	334
685	616
687	491
688	650
693	417
695	614
696	506
697	264
698	823
823	698
699	57
699	355
700	775
775	700
704	139
705	563
705	564
706	650
708	66
709	1009
711	582
712	616
714	634
715	506
717	19
719	30
719	727
720	678
721	19
722	252
722	1019
723	51
724	506
731	555
732	638
733	618
735	506
738	506
739	390
741	187
742	56
742	624
744	764
764	619
764	744
745	505
749	330
751	591
755	615
756	336
757	442
758	1009
760	650
761	18
765	616
768	795
769	616
771	686
772	694
773	725
776	616
782	273
782	425
790	506
803	506
810	506
816	1009
817	506
824	509
826	76
828	195
828	740
828	1078
830	78
832	614
833	686
841	506
847	524
849	362
849	506
853	13
853	866
859	1068
861	30
861	752
864	603
868	117
868	668
868	1025
881	555
883	1011
884	556
895	812
909	616
910	726
916	1007
919	945
919	1056
920	506
930	506
934	752
941	616
942	338
950	585
951	324
953	313
954	60
954	762
958	309
967	1021
1021	967
969	582
994	506
995	264
998	774
999	616
1000	559
1024	968
1034	187
1036	51
1044	555
1047	694
1051	506
1053	678
1061	683
1066	630
1069	546
1069	746
1079	992
1084	184
1093	286
1093	616
1100	1009
1103	506
1106	51
