Timings for one mutex, locking the entire array before accessing it at all (before any reads or writes).
1000 threads. 1000 array elements.


MATLAB Code to initialize array of timings:

timings = [3.415788 7.026911 7.023402 3.224034 3.224426 1.037765 7.028757 3.013785 3.025929 15.04933 1.015759 1.214251 7.035727 1.023531 15.24328 1.021809 3.424720 7.024958 1.020889 3.225058 3.024320 4.155788 7.593351 7.036115 7.243535 3.031797 3.228021 1.024015 3.025815 1.022724 7.232776 3.025928 3.028152 7.030169 7.226973 3.223779 3.228160 3.025825 1.219720 3.023697 15.04461 63.15345 7.591278 7.038967 1.217970 3.226477 3.018745 3.021319 3.022586 1.021639 1.021335 1.019923 1.018602 3.020987 1.222099 7.720959 3.028041 7.027379 1.019774 1.024092 3.023928 3.222150 1.020389 3.465020 1.021858 3.019933 3.020920 1.020898 7.032572 3.020113 1.020813 1.023123 7.030875 7.036659 1.026635 7.699619 3.020423 3.022200 3.222795 1.021032 3.227399 1.426011 1.035519 7.026757 1.019518 7.040505 3.019526 3.020343 3.424079 1.019097 1.021031 3.024260 1.221643 7.033447 15.05585 1.221095 3.021901 1.218532 3.021672 15.03994]


Average Time: 4.5658




Data:

1.223351
3.228414
7.022675
7.033356
7.023289
1.221142
1.214008
3.217139
3.018002
7.035282
1.020639
1.215277
7.021430
3.020380
3.227007
15.04551
7.236011
1.424706
1.219515
15.04813
1.021043
1.018519
7.032560
1.216109
7.029559
3.026821
3.025690
3.041699
7.025316
3.019384
7.032911
4.149663
7.031218
1.020998
7.025686
3.022358
3.419128
1.019656
3.219058
1.021071
7.030040
3.226572
1.027163
1.023115
15.25550
1.219735
3.027054
1.018921
7.228435
3.025608
3.016194
1.216529
1.216226
1.218210
1.019303
3.016605
1.019933
7.230289
1.423441
1.022797
15.04886
1.018088
1.026661
7.033610
3.022780
1.021301
7.503909
3.020755
1.423063
3.639245
3.026464
15.06204
1.023077
1.220302
1.026587
3.214211
3.014290
1.217087
4.061435
3.685937
7.027259
3.429897
1.019985
1.019560
1.421811
3.019944
1.022152
3.221579
1.018691
3.021650
1.215131
15.24583
15.23437
3.024658
7.706472
1.223575
1.219742
1.020488
7.036549
3.430501