Timings for one mutex, locking the entire array before accessing it at all (before any reads or writes).
1000 threads. 10 array elements.


MATLAB Code to initialize array of timings:

timings = [1.223351 3.228414 7.022675 7.033356 7.023289 1.221142 1.214008 3.217139 3.018002 7.035282 1.020639 1.215277 7.021430 3.020380 3.227007 15.04551 7.236011 1.424706 1.219515 15.04813 1.021043 1.018519 7.032560 1.216109 7.029559 3.026821 3.025690 3.041699 7.025316 3.019384 7.032911 4.149663 7.031218 1.020998 7.025686 3.022358 3.419128 1.019656 3.219058 1.021071 7.030040 3.226572 1.027163 1.023115 15.25550 1.219735 3.027054 1.018921 7.228435 3.025608 3.016194 1.216529 1.216226 1.218210 1.019303 3.016605 1.019933 7.230289 1.423441 1.022797 15.04886 1.018088 1.026661 7.033610 3.022780 1.021301 7.503909 3.020755 1.423063 3.639245 3.026464 15.06204 1.023077 1.220302 1.026587 3.214211 3.014290 1.217087 4.061435 3.685937 7.027259 3.429897 1.019985 1.019560 1.421811 3.019944 1.022152 3.221579 1.018691 3.021650 1.215131 15.24583 15.23437 3.024658 7.706472 1.223575 1.219742 1.020488 7.036549 3.430501]


Average Time: 3.9750






Data:

1.223351
3.228414
7.022675
7.033356
7.023289
1.221142
1.214008
3.217139
3.018002
7.035282
1.020639
1.215277
7.021430
3.020380
3.227007
15.04551
7.236011
1.424706
1.219515
15.04813
1.021043
1.018519
7.032560
1.216109
7.029559
3.026821
3.025690
3.041699
7.025316
3.019384
7.032911
4.149663
7.031218
1.020998
7.025686
3.022358
3.419128
1.019656
3.219058
1.021071
7.030040
3.226572
1.027163
1.023115
15.25550
1.219735
3.027054
1.018921
7.228435
3.025608
3.016194
1.216529
1.216226
1.218210
1.019303
3.016605
1.019933
7.230289
1.423441
1.022797
15.04886
1.018088
1.026661
7.033610
3.022780
1.021301
7.503909
3.020755
1.423063
3.639245
3.026464
15.06204
1.023077
1.220302
1.026587
3.214211
3.014290
1.217087
4.061435
3.685937
7.027259
3.429897
1.019985
1.019560
1.421811
3.019944
1.022152
3.221579
1.018691
3.021650
1.215131
15.24583
15.23437
3.024658
7.706472
1.223575
1.219742
1.020488
7.036549
3.430501