1112
0.126138
8.330597e+143
3.085406e+143
3.085406e+143
5.038529e+143
3.085406e+143
4.396704e+143
3.085406e+143
3.085406e+143
3.085406e+143
5.708001e+143
4.061968e+143
5.708001e+143
1.048811e+144
3.085406e+143
6.459574e+143
3.085406e+143
3.085406e+143
3.085406e+143
2.439910e+144
4.384672e+144
3.085406e+143
3.085406e+143
3.085406e+143
8.886378e+143
2.775179e+144
8.856020e+143
3.085406e+143
2.050709e+144
6.991652e+143
3.085406e+143
9.801889e+144
3.085406e+143
3.085406e+143
3.085406e+143
3.959605e+143
3.085406e+143
3.085406e+143
6.991652e+143
7.939015e+143
3.085406e+143
3.085406e+143
3.085406e+143
6.932482e+143
3.085406e+143
5.708001e+143
3.085406e+143
3.085406e+143
3.085406e+143
3.085406e+143
2.050709e+144
5.708001e+143
1.155336e+145
3.085406e+143
3.085406e+143
3.085406e+143
3.085406e+143
2.154252e+144
5.475461e+143
3.085406e+143
3.085406e+143
3.085406e+143
4.396704e+143
3.085406e+143
3.085406e+143
9.493024e+143
3.085406e+143
7.323749e+144
3.085406e+143
3.085406e+143
7.631540e+143
3.085406e+143
3.959605e+143
3.085406e+143
5.365924e+143
3.962410e+144
3.085406e+143
3.999964e+144
3.085406e+143
4.262224e+144
2.050709e+144
3.999964e+144
8.330597e+143
3.085406e+143
3.085406e+143
3.085406e+143
3.085406e+143
3.085406e+143
3.085406e+143
3.085406e+143
3.085406e+143
3.085406e+143
3.085406e+143
3.085406e+143
9.493024e+143
3.085406e+143
9.493024e+143
6.991652e+143
3.085406e+143
3.085406e+143
6.932482e+143
6.932482e+143
5.708001e+143
5.008944e+143
3.085406e+143
8.260917e+143
3.999964e+144
3.085406e+143
2.346606e+144
3.085406e+143
3.962410e+144
6.932482e+143
6.932482e+143
1.217767e+144
1.019768e+144
3.962410e+144
3.085406e+143
4.396704e+143
3.175526e+144
3.085406e+143
3.085406e+143
7.398999e+143
3.085406e+143
3.085406e+143
6.932482e+143
3.085406e+143
3.959605e+143
3.085406e+143
3.085406e+143
3.085406e+143
1.888790e+144
3.085406e+143
7.937207e+143
8.798551e+143
2.050709e+144
3.085406e+143
3.085406e+143
3.999964e+144
3.959605e+143
9.493024e+143
9.555078e+143
5.708001e+143
2.135475e+144
3.085406e+143
3.085406e+143
3.085406e+143
6.991652e+143
3.085406e+143
3.085406e+143
3.085406e+143
3.959605e+143
5.708001e+143
3.085406e+143
8.093443e+144
3.085406e+143
5.708001e+143
3.085406e+143
3.085406e+143
3.085406e+143
3.085406e+143
3.085406e+143
6.991652e+143
5.708001e+143
5.365924e+143
3.085406e+143
3.085406e+143
3.085406e+143
3.085406e+143
3.085406e+143
3.085406e+143
3.085406e+143
3.085406e+143
3.085406e+143
3.085406e+143
3.085406e+143
3.085406e+143
3.085406e+143
3.085406e+143
3.085406e+143
3.085406e+143
3.085406e+143
3.085406e+143
3.085406e+143
3.085406e+143
3.085406e+143
3.085406e+143
3.085406e+143
3.962410e+144
4.390589e+144
3.085406e+143
3.085406e+143
3.085406e+143
3.085406e+143
3.085406e+143
3.085406e+143
3.085406e+143
4.367765e+143
3.085406e+143
3.085406e+143
3.085406e+143
3.085406e+143
6.991652e+143
4.347117e+144
3.085406e+143
5.038529e+143
3.085406e+143
3.085406e+143
3.085406e+143
3.085406e+143
3.085406e+143
3.085406e+143
3.085406e+143
3.085406e+143
3.085406e+143
2.330788e+144
5.708001e+143
3.085406e+143
3.085406e+143
3.085406e+143
3.085406e+143
3.085406e+143
3.085406e+143
3.085406e+143
3.085406e+143
3.999964e+144
3.085406e+143
3.085406e+143
3.085406e+143
3.085406e+143
3.085406e+143
3.085406e+143
3.085406e+143
3.085406e+143
3.085406e+143
3.085406e+143
3.085406e+143
3.085406e+143
5.708001e+143
3.085406e+143
3.085406e+143
7.036182e+144
3.085406e+143
3.085406e+143
3.085406e+143
3.085406e+143
3.085406e+143
3.085406e+143
3.085406e+143
3.085406e+143
3.085406e+143
3.085406e+143
3.085406e+143
3.085406e+143
2.154252e+144
5.708001e+143
3.085406e+143
3.085406e+143
3.085406e+143
3.085406e+143
3.085406e+143
3.085406e+143
9.493024e+143
3.085406e+143
3.085406e+143
3.085406e+143
7.387908e+144
3.085406e+143
3.085406e+143
3.085406e+143
3.085406e+143
3.085406e+143
3.085406e+143
3.085406e+143
3.085406e+143
5.008944e+143
3.085406e+143
3.085406e+143
3.085406e+143
3.085406e+143
1.660808e+152
4.101125e+150
4.101125e+150
5.101089e+150
4.101125e+150
4.459604e+151
4.101125e+150
4.101125e+150
4.101125e+150
8.509096e+151
4.601107e+150
8.509096e+151
8.709088e+151
5.101089e+150
5.767731e+150
4.101125e+150
4.101125e+150
4.101125e+150
6.101052e+150
8.100979e+150
4.101125e+150
4.101125e+150
4.101125e+150
6.101052e+150
6.101052e+150
7.101016e+150
4.101125e+150
8.509096e+151
6.101052e+150
4.101125e+150
9.209070e+151
4.101125e+150
4.101125e+150
4.101125e+150
3.109774e+151
4.101125e+150
4.101125e+150
6.101052e+150
6.101052e+150
4.101125e+150
4.101125e+150
4.101125e+150
6.101052e+150
4.101125e+150
8.509096e+151
4.101125e+150
4.101125e+150
4.101125e+150
4.101125e+150
8.509096e+151
8.509096e+151
1.740805e+152
4.101125e+150
4.101125e+150
4.101125e+150
4.101125e+150
5.101089e+150
5.101089e+150
4.101125e+150
4.101125e+150
5.101089e+150
4.459604e+151
4.101125e+150
4.101125e+150
6.101052e+150
4.101125e+150
8.100979e+150
4.101125e+150
4.101125e+150
8.609092e+151
4.101125e+150
3.109774e+151
4.101125e+150
4.459604e+151
6.101052e+150
4.101125e+150
6.101052e+150
4.101125e+150
8.709088e+151
8.509096e+151
6.101052e+150
1.660808e+152
5.101089e+150
4.101125e+150
4.101125e+150
4.101125e+150
4.101125e+150
4.101125e+150
4.101125e+150
4.101125e+150
4.101125e+150
4.101125e+150
4.101125e+150
6.101052e+150
4.101125e+150
6.101052e+150
6.101052e+150
4.101125e+150
4.101125e+150
6.101052e+150
6.101052e+150
8.509096e+151
5.101089e+150
6.101052e+150
4.459604e+151
6.101052e+150
4.101125e+150
6.101052e+150
4.101125e+150
6.101052e+150
6.101052e+150
6.101052e+150
1.680807e+152
4.659597e+151
6.101052e+150
4.101125e+150
4.459604e+151
3.509759e+151
4.101125e+150
4.101125e+150
6.101052e+150
4.101125e+150
4.101125e+150
6.101052e+150
4.101125e+150
3.109774e+151
4.101125e+150
4.101125e+150
6.101052e+150
6.101052e+150
4.101125e+150
8.509096e+151
6.101052e+150
8.509096e+151
4.101125e+150
4.101125e+150
6.101052e+150
3.109774e+151
6.101052e+150
8.709088e+151
8.509096e+151
5.101089e+150
6.101052e+150
4.101125e+150
4.101125e+150
6.101052e+150
4.101125e+150
4.101125e+150
4.101125e+150
3.109774e+151
8.509096e+151
4.101125e+150
8.100979e+150
4.101125e+150
8.509096e+151
4.101125e+150
6.101052e+150
6.101052e+150
6.101052e+150
6.101052e+150
6.101052e+150
8.509096e+151
4.459604e+151
4.101125e+150
6.101052e+150
6.101052e+150
6.101052e+150
6.101052e+150
6.101052e+150
6.101052e+150
6.101052e+150
6.101052e+150
4.101125e+150
4.101125e+150
4.101125e+150
6.101052e+150
6.101052e+150
6.101052e+150
6.101052e+150
6.101052e+150
6.101052e+150
6.101052e+150
6.101052e+150
6.101052e+150
6.101052e+150
6.101052e+150
6.101052e+150
1.010091e+151
6.101052e+150
6.101052e+150
6.101052e+150
4.101125e+150
6.101052e+150
4.101125e+150
6.101052e+150
6.767694e+150
6.101052e+150
6.101052e+150
6.101052e+150
6.101052e+150
6.101052e+150
8.100979e+150
6.101052e+150
6.101052e+150
6.101052e+150
6.101052e+150
6.101052e+150
6.101052e+150
6.101052e+150
6.101052e+150
6.101052e+150
6.101052e+150
6.101052e+150
6.101052e+150
8.509096e+151
4.101125e+150
4.101125e+150
6.101052e+150
4.101125e+150
6.101052e+150
6.101052e+150
6.101052e+150
6.101052e+150
6.101052e+150
4.101125e+150
6.101052e+150
6.101052e+150
4.101125e+150
6.101052e+150
4.101125e+150
4.101125e+150
6.101052e+150
6.101052e+150
6.101052e+150
4.101125e+150
6.101052e+150
8.509096e+151
4.101125e+150
5.101089e+150
6.101052e+150
6.101052e+150
6.101052e+150
6.101052e+150
6.101052e+150
4.101125e+150
6.101052e+150
6.101052e+150
6.101052e+150
6.101052e+150
6.101052e+150
6.101052e+150
6.101052e+150
5.101089e+150
8.509096e+151
6.101052e+150
6.101052e+150
4.101125e+150
6.101052e+150
6.101052e+150
4.101125e+150
6.101052e+150
6.101052e+150
4.101125e+150
6.101052e+150
8.909081e+151
6.101052e+150
4.101125e+150
6.101052e+150
6.101052e+150
6.101052e+150
4.101125e+150
6.101052e+150
6.101052e+150
5.101089e+150
4.101125e+150
6.101052e+150
6.101052e+150
4.101125e+150
5.173724e+153
1.546909e+152
1.546909e+152
2.042192e+152
1.546909e+152
1.409449e+153
1.546909e+152
1.546909e+152
1.546909e+152
2.664208e+153
1.794551e+152
2.664208e+153
2.739241e+153
8.008283e+152
6.349775e+152
1.546909e+152
1.546909e+152
1.546909e+152
2.297238e+152
3.047567e+152
1.546909e+152
1.546909e+152
1.546909e+152
2.537475e+152
2.297238e+152
2.672403e+152
1.546909e+152
2.664208e+153
2.537475e+152
1.546909e+152
3.583491e+153
1.546909e+152
1.546909e+152
1.546909e+152
9.911965e+152
1.546909e+152
1.546909e+152
2.537475e+152
2.537475e+152
1.546909e+152
1.546909e+152
1.546909e+152
2.297238e+152
1.546909e+152
2.664208e+153
1.546909e+152
1.546909e+152
1.546909e+152
1.546909e+152
2.664208e+153
2.664208e+153
7.932364e+153
1.546909e+152
1.546909e+152
1.546909e+152
1.546909e+152
1.922074e+152
1.922074e+152
1.546909e+152
1.546909e+152
8.008283e+152
1.409449e+153
1.546909e+152
1.546909e+152
2.537475e+152
1.546909e+152
3.047567e+152
1.546909e+152
1.546909e+152
2.701724e+153
1.546909e+152
9.911965e+152
1.546909e+152
1.409449e+153
2.537475e+152
1.546909e+152
2.297238e+152
1.546909e+152
2.739241e+153
2.664208e+153
2.297238e+152
5.173724e+153
8.008283e+152
1.546909e+152
1.546909e+152
1.546909e+152
1.546909e+152
1.546909e+152
1.546909e+152
1.546909e+152
1.546909e+152
1.546909e+152
1.546909e+152
2.537475e+152
1.546909e+152
2.537475e+152
2.537475e+152
1.546909e+152
1.546909e+152
2.297238e+152
2.297238e+152
2.664208e+153
1.922074e+152
1.446966e+153
1.409449e+153
2.297238e+152
1.546909e+152
2.297238e+152
1.546909e+152
2.537475e+152
2.297238e+152
2.297238e+152
5.248757e+153
1.508506e+153
2.537475e+152
1.546909e+152
1.409449e+153
2.155631e+153
1.546909e+152
1.546909e+152
2.297238e+152
1.546909e+152
1.546909e+152
2.297238e+152
1.546909e+152
9.911965e+152
1.546909e+152
1.546909e+152
1.446966e+153
2.297238e+152
1.546909e+152
2.664208e+153
2.297238e+152
2.664208e+153
1.546909e+152
1.546909e+152
2.297238e+152
9.911965e+152
2.537475e+152
2.739241e+153
2.664208e+153
2.042192e+152
1.446966e+153
1.546909e+152
1.546909e+152
2.537475e+152
1.546909e+152
1.546909e+152
1.546909e+152
9.911965e+152
2.664208e+153
1.546909e+152
3.287804e+152
1.546909e+152
2.664208e+153
1.546909e+152
1.446966e+153
1.446966e+153
1.446966e+153
1.446966e+153
2.537475e+152
2.664208e+153
1.409449e+153
1.546909e+152
1.446966e+153
1.446966e+153
1.446966e+153
1.446966e+153
1.446966e+153
1.446966e+153
1.446966e+153
1.446966e+153
1.546909e+152
1.546909e+152
1.546909e+152
1.446966e+153
1.446966e+153
1.446966e+153
1.446966e+153
1.446966e+153
1.446966e+153
1.446966e+153
1.446966e+153
1.446966e+153
1.446966e+153
1.446966e+153
2.537475e+152
1.621055e+153
1.446966e+153
1.446966e+153
1.446966e+153
1.546909e+152
1.446966e+153
1.546909e+152
1.446966e+153
1.471977e+153
1.446966e+153
1.446966e+153
1.446966e+153
1.446966e+153
2.297238e+152
3.287804e+152
1.446966e+153
8.503566e+152
1.446966e+153
1.446966e+153
1.446966e+153
1.446966e+153
1.446966e+153
1.446966e+153
1.446966e+153
1.446966e+153
1.446966e+153
2.537475e+152
2.664208e+153
1.546909e+152
1.546909e+152
1.446966e+153
1.546909e+152
1.446966e+153
1.446966e+153
1.446966e+153
1.446966e+153
2.297238e+152
1.546909e+152
1.446966e+153
1.446966e+153
1.546909e+152
1.446966e+153
1.546909e+152
1.546909e+152
1.446966e+153
1.446966e+153
1.446966e+153
1.546909e+152
1.446966e+153
2.664208e+153
1.546909e+152
8.008283e+152
2.537475e+152
1.446966e+153
1.446966e+153
1.446966e+153
1.446966e+153
1.546909e+152
1.446966e+153
1.446966e+153
1.446966e+153
1.446966e+153
1.446966e+153
1.446966e+153
1.446966e+153
1.922074e+152
2.664208e+153
1.446966e+153
1.446966e+153
1.546909e+152
1.446966e+153
1.446966e+153
1.546909e+152
2.537475e+152
1.446966e+153
1.546909e+152
1.446966e+153
4.031515e+153
1.446966e+153
1.546909e+152
1.446966e+153
1.446966e+153
1.446966e+153
1.546909e+152
1.446966e+153
1.446966e+153
1.922074e+152
1.546909e+152
1.446966e+153
1.446966e+153
1.546909e+152
5.095060e+153
1.522261e+152
1.522261e+152
1.891456e+152
1.522261e+152
1.387935e+153
1.522261e+152
1.522261e+152
1.522261e+152
2.623643e+153
1.706859e+152
2.623643e+153
2.697482e+153
8.064484e+152
6.252938e+152
1.522261e+152
1.522261e+152
1.522261e+152
2.260651e+152
2.999042e+152
1.522261e+152
1.522261e+152
1.522261e+152
2.260651e+152
2.260651e+152
2.629847e+152
1.522261e+152
2.623643e+153
2.260651e+152
1.522261e+152
3.499382e+153
1.522261e+152
1.522261e+152
1.522261e+152
9.760318e+152
1.522261e+152
1.522261e+152
2.260651e+152
2.260651e+152
1.522261e+152
1.522261e+152
1.522261e+152
2.260651e+152
1.522261e+152
2.623643e+153
1.522261e+152
1.522261e+152
1.522261e+152
1.522261e+152
2.623643e+153
2.623643e+153
7.859627e+153
1.522261e+152
1.522261e+152
1.522261e+152
1.522261e+152
1.891456e+152
1.891456e+152
1.522261e+152
1.522261e+152
8.064484e+152
1.387935e+153
1.522261e+152
1.522261e+152
2.260651e+152
1.522261e+152
2.999042e+152
1.522261e+152
1.522261e+152
2.660563e+153
1.522261e+152
9.760318e+152
1.522261e+152
1.387935e+153
2.260651e+152
1.522261e+152
2.260651e+152
1.522261e+152
2.697482e+153
2.623643e+153
2.260651e+152
5.095060e+153
8.064484e+152
1.522261e+152
1.522261e+152
1.522261e+152
1.522261e+152
1.522261e+152
1.522261e+152
1.522261e+152
1.522261e+152
1.522261e+152
1.522261e+152
2.260651e+152
1.522261e+152
2.260651e+152
2.260651e+152
1.522261e+152
1.522261e+152
2.260651e+152
2.260651e+152
2.623643e+153
1.891456e+152
1.460671e+153
1.387935e+153
2.260651e+152
1.522261e+152
2.260651e+152
1.522261e+152
2.260651e+152
2.260651e+152
2.260651e+152
5.168899e+153
1.461774e+153
2.260651e+152
1.522261e+152
1.387935e+153
2.152548e+153
1.522261e+152
1.522261e+152
2.260651e+152
1.522261e+152
1.522261e+152
2.260651e+152
1.522261e+152
9.760318e+152
1.522261e+152
1.522261e+152
1.460671e+153
2.260651e+152
1.522261e+152
2.623643e+153
2.260651e+152
2.623643e+153
1.522261e+152
1.522261e+152
2.260651e+152
9.760318e+152
2.260651e+152
2.697482e+153
2.623643e+153
1.891456e+152
1.460671e+153
1.522261e+152
1.522261e+152
2.260651e+152
1.522261e+152
1.522261e+152
1.522261e+152
9.760318e+152
2.623643e+153
1.522261e+152
2.999042e+152
1.522261e+152
2.623643e+153
1.522261e+152
1.460671e+153
1.460671e+153
1.460671e+153
1.460671e+153
2.260651e+152
2.623643e+153
1.387935e+153
1.522261e+152
1.460671e+153
1.460671e+153
1.460671e+153
1.460671e+153
1.460671e+153
1.460671e+153
1.460671e+153
1.460671e+153
1.522261e+152
1.522261e+152
1.522261e+152
1.460671e+153
1.460671e+153
1.460671e+153
1.460671e+153
1.460671e+153
1.460671e+153
1.460671e+153
1.460671e+153
1.460671e+153
1.460671e+153
1.460671e+153
2.260651e+152
1.608349e+153
1.460671e+153
1.460671e+153
1.460671e+153
1.522261e+152
1.460671e+153
1.522261e+152
1.460671e+153
1.485284e+153
1.460671e+153
1.460671e+153
1.460671e+153
1.460671e+153
2.260651e+152
2.999042e+152
1.460671e+153
8.433679e+152
1.460671e+153
1.460671e+153
1.460671e+153
1.460671e+153
1.460671e+153
1.460671e+153
1.460671e+153
1.460671e+153
1.460671e+153
2.260651e+152
2.623643e+153
1.522261e+152
1.522261e+152
1.460671e+153
1.522261e+152
1.460671e+153
1.460671e+153
1.460671e+153
1.460671e+153
2.260651e+152
1.522261e+152
1.460671e+153
1.460671e+153
1.522261e+152
1.460671e+153
1.522261e+152
1.522261e+152
1.460671e+153
1.460671e+153
1.460671e+153
1.522261e+152
1.460671e+153
2.623643e+153
1.522261e+152
8.064484e+152
2.260651e+152
1.460671e+153
1.460671e+153
1.460671e+153
1.460671e+153
1.522261e+152
1.460671e+153
1.460671e+153
1.460671e+153
1.460671e+153
1.460671e+153
1.460671e+153
1.460671e+153
1.891456e+152
2.623643e+153
1.460671e+153
1.460671e+153
1.522261e+152
1.460671e+153
1.460671e+153
1.522261e+152
2.260651e+152
1.460671e+153
1.522261e+152
1.460671e+153
4.005927e+153
1.460671e+153
1.522261e+152
1.460671e+153
1.460671e+153
1.460671e+153
1.522261e+152
1.460671e+153
1.460671e+153
1.891456e+152
1.522261e+152
1.460671e+153
1.460671e+153
1.522261e+152
